40,28,1
39,28,12
41,28,13
39,29,10
40,29,8
41,29,11
41,30,4
40,30,13
39,30,12
39,31,5
40,31,3
41,31,4
39,32,5
40,32,0
41,32,1
39,33,2
40,33,6
41,33,8
42,33,11
42,32,13
42,31,4
42,30,4
42,29,10
42,28,12
40,34,0
41,34,1
42,34,13
39,34,7
38,33,1
38,32,11
38,34,7
38,31,3
38,30,3
38,29,13
38,28,11
43,28,1
43,29,8
43,30,4
43,31,12
43,32,10
43,33,4
43,34,4
44,28,2
44,29,9
44,30,5
44,31,2
44,32,8
44,33,4
44,34,4
42,35,0
41,35,7
43,35,1
44,35,13
40,35,7
39,35,9
38,35,6
45,28,6
45,29,0
45,30,6
45,31,3
45,32,11
45,33,12
45,34,10
45,35,12
44,27,12
43,27,11
45,27,2
42,27,10
41,27,4
40,27,4
39,27,11
38,27,6
45,36,10
44,36,11
43,36,6
42,36,9
41,36,6
40,36,9
39,36,10
38,36,3
40,37,5
41,37,3
39,37,13
38,37,0
42,37,10
43,37,11
44,37,12
45,37,1
46,37,13
46,36,11
46,35,13
46,34,11
46,33,13
46,32,10
46,31,5
46,30,9
46,29,2
46,28,9
46,27,7
46,38,0
45,38,7
44,38,5
43,38,4
42,38,4
41,38,3
40,38,2
39,38,0
38,38,9
37,28,10
37,27,9
37,29,12
37,30,2
37,31,9
37,32,10
37,33,1
37,34,9
37,35,5
37,36,2
37,37,7
37,38,6
47,38,1
47,37,10
47,36,5
47,35,12
47,34,10
47,33,12
47,32,8
47,31,0
47,30,3
47,29,6
47,28,7
47,27,7
48,34,9
48,35,2
48,33,2
48,32,9
48,31,1
48,30,4
48,36,6
48,37,11
48,38,13
48,29,8
48,28,0
48,27,3
48,39,3
47,39,9
46,39,6
45,39,7
44,39,5
43,39,13
42,39,12
41,39,3
40,39,7
39,39,7
38,39,5
37,39,3
47,40,2
46,40,0
48,40,3
45,40,9
44,40,10
43,40,11
42,40,10
41,40,3
40,40,9
39,40,8
38,40,10
37,40,3
41,41,0
42,41,1
43,41,1
44,41,13
40,41,2
45,41,5
39,41,12
46,41,7
47,41,7
48,41,3
38,41,13
37,41,0
49,29,11
49,28,13
49,27,10
49,30,4
49,31,1
49,32,7
49,33,6
49,34,3
49,35,3
49,36,11
49,37,4
49,38,12
49,39,10
49,40,4
49,41,4
42,26,12
43,26,13
41,26,11
40,26,10
44,26,10
45,26,9
39,26,13
38,26,1
46,26,7
47,26,7
48,26,6
49,26,9
37,26,1
36,30,12
36,31,10
36,32,4
36,33,12
36,34,10
36,29,4
36,28,4
36,35,13
36,36,0
36,27,10
36,26,12
36,37,9
36,38,5
36,39,2
36,40,7
36,41,7
38,42,3
39,42,10
37,42,7
36,42,7
40,42,9
41,42,7
42,42,7
43,42,6
44,42,11
45,42,10
46,42,9
47,42,6
48,42,11
49,42,12
50,27,8
50,26,0
50,28,4
50,29,4
50,30,4
50,31,1
50,32,6
50,33,11
50,34,12
50,35,10
50,36,4
50,37,4
50,38,1
50,39,9
50,40,10
50,41,12
50,42,2
35,35,1
35,36,7
35,37,6
35,34,4
35,38,3
35,39,0
35,33,4
35,40,9
35,41,5
35,32,11
35,31,3
35,42,5
35,30,3
35,29,3
35,28,3
35,27,13
35,26,11
40,43,10
39,43,4
38,43,3
37,43,9
41,43,9
42,43,6
43,43,11
44,43,12
45,43,13
46,43,5
47,43,3
36,43,8
35,43,10
48,43,4
49,43,10
50,43,8
51,43,8
51,42,7
51,41,1
51,40,8
51,39,0
51,38,13
51,37,4
51,36,4
51,35,8
51,34,2
51,33,12
51,32,8
51,31,1
51,30,4
51,29,4
51,28,4
51,27,8
51,26,1
41,44,5
42,44,0
40,44,4
43,44,1
44,44,2
45,44,3
46,44,5
47,44,3
48,44,4
39,44,13
38,44,0
37,44,5
36,44,4
49,44,4
35,44,13
50,44,12
51,44,13
51,45,0
50,45,2
49,45,12
48,45,4
47,45,11
46,45,10
45,45,11
44,45,6
43,45,9
42,45,6
41,45,2
40,45,12
39,45,11
38,45,8
37,45,10
36,45,4
35,45,3
40,25,5
41,25,3
42,25,10
39,25,11
43,25,11
38,25,8
37,25,8
44,25,5
36,25,8
35,25,6
45,25,7
46,25,0
47,25,1
48,25,1
49,25,2
50,25,3
51,25,4
34,27,12
34,26,10
34,28,5
34,29,5
34,25,9
34,30,5
34,31,5
34,32,10
34,33,4
34,34,13
34,35,0
34,36,9
34,37,2
34,38,7
34,39,7
34,40,6
34,41,3
34,42,3
34,43,3
34,44,0
34,45,9
52,35,11
52,34,3
52,33,13
52,32,8
52,36,12
52,37,10
52,31,2
52,30,12
52,29,10
52,38,4
52,39,13
52,40,11
52,41,13
52,28,12
52,42,3
52,43,11
52,44,4
52,45,13
52,27,11
52,26,13
52,25,10
53,31,7
53,30,1
53,32,9
53,33,5
53,34,10
53,35,4
53,36,1
53,37,8
53,38,12
53,29,8
53,39,10
53,40,12
53,28,2
53,41,10
53,42,12
53,43,10
53,27,12
53,44,12
53,45,10
53,26,4
53,25,11
41,24,13
40,24,12
39,24,13
38,24,0
42,24,5
43,24,6
44,24,9
45,24,7
37,24,7
46,24,6
47,24,11
48,24,10
49,24,9
36,24,7
50,24,3
35,24,2
51,24,4
34,24,1
52,24,12
53,24,13
50,23,6
51,23,8
49,23,2
48,23,12
52,23,8
47,23,13
46,23,0
45,23,2
53,23,8
44,23,0
43,23,2
42,23,12
41,23,4
40,23,11
39,23,10
38,23,3
37,23,7
36,23,7
35,23,5
34,23,11
33,34,1
33,33,4
33,32,11
33,35,7
33,31,13
33,36,8
33,37,12
33,30,4
33,38,5
33,29,4
33,39,5
33,40,2
33,28,11
33,41,9
33,27,13
33,42,5
33,26,4
33,25,10
33,24,12
33,43,5
33,44,5
33,45,10
33,23,8
32,31,1
32,32,6
32,30,4
32,33,3
32,34,0
32,35,9
32,36,10
32,29,11
32,28,6
32,37,13
32,38,11
32,27,0
32,39,4
32,40,12
32,41,10
32,42,4
32,43,4
32,26,3
32,25,13
32,24,4
32,44,13
32,23,10
32,45,11
54,38,13
54,39,11
54,40,13
54,41,11
54,42,13
54,43,11
54,37,11
54,36,13
54,35,4
54,34,8
54,33,7
54,32,0
54,31,3
54,30,13
54,29,8
54,28,7
54,27,2
54,26,5
54,44,13
54,45,11
54,25,12
54,24,10
54,23,9
46,22,6
47,22,11
48,22,10
49,22,9
45,22,9
44,22,6
50,22,0
43,22,5
51,22,1
42,22,4
52,22,2
53,22,7
54,22,0
41,22,11
40,22,6
39,22,9
38,22,6
37,22,7
36,22,2
35,22,12
34,22,13
33,22,0
32,22,5
40,46,2
39,46,1
41,46,7
42,46,0
43,46,2
44,46,3
38,46,12
45,46,12
46,46,13
37,46,13
47,46,12
48,46,13
49,46,10
36,46,12
35,46,3
34,46,2
33,46,1
50,46,8
32,46,1
51,46,9
52,46,3
53,46,4
54,46,12
31,37,0
31,38,8
31,39,13
31,36,13
31,35,8
31,34,7
31,33,2
31,32,9
31,31,1
31,30,11
31,29,6
31,28,2
31,27,9
31,26,2
31,25,12
31,24,11
31,40,3
31,23,3
31,41,11
31,42,13
31,22,3
31,43,3
31,44,0
31,45,6
31,46,0
31,21,3
32,21,12
33,21,13
34,21,4
35,21,4
36,21,12
37,21,2
38,21,7
39,21,7
40,21,7
41,21,3
42,21,10
43,21,9
44,21,0
45,21,2
46,21,7
47,21,3
48,21,12
49,21,2
50,21,6
51,21,11
52,21,5
53,21,7
54,21,3
55,32,2
55,33,7
55,31,5
55,30,5
55,29,9
55,34,9
55,28,0
55,27,6
55,26,0
55,25,13
55,24,11
55,23,3
55,22,13
55,35,5
55,36,5
55,37,10
55,21,4
55,38,12
55,39,5
55,40,10
55,41,4
55,42,12
55,43,10
55,44,4
55,45,12
55,46,2
44,20,3
45,20,12
43,20,7
46,20,2
47,20,6
42,20,5
48,20,11
49,20,12
41,20,3
40,20,2
50,20,2
39,20,1
38,20,1
37,20,12
51,20,3
36,20,4
52,20,12
35,20,4
53,20,2
34,20,11
33,20,10
54,20,3
32,20,11
31,20,6
55,20,4
56,42,1
56,41,10
56,40,9
56,39,0
56,38,13
56,43,8
56,44,4
56,45,1
56,46,6
56,37,11
56,36,6
56,35,0
56,34,6
56,33,0
56,32,6
56,31,7
56,30,0
56,29,6
56,28,1
56,27,8
56,26,1
56,25,10
56,24,12
56,23,4
56,22,10
56,21,5
56,20,12
57,33,1
57,32,11
57,34,8
57,35,1
57,31,6
57,30,2
57,29,9
57,36,9
57,37,10
57,38,4
57,39,1
57,40,6
57,41,11
57,28,1
57,42,13
57,43,11
57,27,11
57,26,13
57,25,8
57,24,1
57,23,10
57,22,9
57,44,4
57,21,0
57,20,13
57,45,13
57,46,11
44,19,3
45,19,10
46,19,9
43,19,2
42,19,12
41,19,13
40,19,12
47,19,0
48,19,13
39,19,4
38,19,4
37,19,11
49,19,10
50,19,9
36,19,8
35,19,8
34,19,6
33,19,5
32,19,13
31,19,0
51,19,6
52,19,11
53,19,12
54,19,13
55,19,4
56,19,10
57,19,11
30,41,8
30,42,12
30,40,7
30,39,0
30,38,6
30,37,2
30,36,12
30,43,5
30,35,8
30,34,7
30,33,1
30,44,2
30,32,8
30,31,1
30,30,10
30,45,7
30,46,7
30,29,5
30,28,12
30,27,10
30,26,12
30,25,11
30,24,6
30,23,2
30,22,5
30,21,5
30,20,5
30,19,5
58,25,8
58,26,12
58,27,10
58,28,1
58,29,7
58,30,6
58,31,11
58,24,1
58,32,12
58,33,2
58,34,9
58,35,2
58,36,7
58,37,8
58,38,12
58,39,2
58,40,8
58,23,8
58,41,4
58,42,4
58,22,0
58,21,13
58,20,4
58,43,12
58,19,4
58,44,5
58,45,5
58,46,5
45,47,10
46,47,11
44,47,3
47,47,5
43,47,7
48,47,0
42,47,9
41,47,6
49,47,13
40,47,9
39,47,8
38,47,10
37,47,11
36,47,10
50,47,4
35,47,3
51,47,10
52,47,11
34,47,7
53,47,12
54,47,2
33,47,7
55,47,6
56,47,11
32,47,9
57,47,12
58,47,2
31,47,6
30,47,9
59,39,6
59,40,11
59,41,4
59,38,1
59,37,11
59,36,6
59,35,7
59,34,7
59,33,7
59,32,1
59,31,4
59,30,11
59,29,6
59,28,2
59,27,9
59,42,4
59,26,1
59,43,13
59,25,8
59,44,3
59,24,2
59,23,9
59,45,0
59,22,2
59,46,6
59,47,3
59,21,12
59,20,4
59,19,4
32,48,2
31,48,0
33,48,7
30,48,2
34,48,6
35,48,11
36,48,4
37,48,12
38,48,13
39,48,4
40,48,10
41,48,11
42,48,10
43,48,8
44,48,11
45,48,12
46,48,13
47,48,5
48,48,7
49,48,0
50,48,1
51,48,1
52,48,13
53,48,10
54,48,8
55,48,11
56,48,12
57,48,2
58,48,7
59,48,3
45,18,5
46,18,0
47,18,13
48,18,4
49,18,12
50,18,1
51,18,2
44,18,3
43,18,9
52,18,3
53,18,10
54,18,11
42,18,10
55,18,10
56,18,9
41,18,4
40,18,11
39,18,8
38,18,8
37,18,6
36,18,2
35,18,0
34,18,2
33,18,12
32,18,11
31,18,6
57,18,6
58,18,11
30,18,9
59,18,10
34,49,0
35,49,13
33,49,9
36,49,12
38,49,3
37,49,2
39,49,12
32,49,8
31,49,8
30,49,6
40,49,1
41,49,13
42,49,12
43,49,1
44,49,13
45,49,10
46,49,11
47,49,10
48,49,9
49,49,6
50,49,8
51,49,8
52,49,11
53,49,12
54,49,1
55,49,13
56,49,5
57,49,7
58,49,6
59,49,11
29,23,12
29,24,5
29,25,10
29,22,4
29,26,13
29,21,11
29,20,3
29,19,13
29,27,3
29,28,3
29,29,11
29,18,10
29,30,13
29,31,0
29,32,8
29,33,1
29,34,7
29,35,6
29,36,3
29,37,0
29,38,9
29,39,5
29,40,2
29,41,8
29,42,13
29,43,3
29,44,0
29,45,9
29,46,2
29,47,6
29,48,0
29,49,9
58,50,11
59,50,12
57,50,6
56,50,2
55,50,0
54,50,7
53,50,5
52,50,4
51,50,4
50,50,13
49,50,0
48,50,5
47,50,4
46,50,4
45,50,13
44,50,0
43,50,9
42,50,10
41,50,3
40,50,9
39,50,10
38,50,11
37,50,6
36,50,5
35,50,11
34,50,8
33,50,10
32,50,4
31,50,4
30,50,3
29,50,2
46,17,3
45,17,5
47,17,4
44,17,13
48,17,4
43,17,0
42,17,9
41,17,10
49,17,10
50,17,11
40,17,13
39,17,0
51,17,5
38,17,2
52,17,3
37,17,1
36,17,12
53,17,12
54,17,13
35,17,13
34,17,12
33,17,4
32,17,13
55,17,5
31,17,0
56,17,0
30,17,7
29,17,5
57,17,2
58,17,3
59,17,5
28,38,6
28,39,11
28,40,1
28,37,2
28,41,8
28,42,12
28,43,2
28,44,7
28,45,8
28,36,9
28,46,1
28,35,7
28,34,2
28,33,12
28,47,9
28,48,2
28,32,8
28,31,2
28,30,12
28,29,10
28,28,9
28,27,7
28,49,6
28,50,0
28,26,1
28,25,4
28,24,11
28,23,13
28,22,11
28,21,6
28,20,7
28,19,1
28,18,4
28,17,11
56,16,6
57,16,9
58,16,3
59,16,5
55,16,5
54,16,4
53,16,4
52,16,3
51,16,9
50,16,6
49,16,5
48,16,4
47,16,11
46,16,6
45,16,9
44,16,10
43,16,13
42,16,1
41,16,12
40,16,11
39,16,6
38,16,9
37,16,10
36,16,11
35,16,8
34,16,8
33,16,10
32,16,4
31,16,13
30,16,1
29,16,12
28,16,13
40,51,2
41,51,3
42,51,12
43,51,2
44,51,7
45,51,3
46,51,12
47,51,13
48,51,10
49,51,9
50,51,3
51,51,4
52,51,4
53,51,10
39,51,12
54,51,9
38,51,4
55,51,7
56,51,7
37,51,3
36,51,2
35,51,12
57,51,3
58,51,12
59,51,2
34,51,4
33,51,13
32,51,12
31,51,4
30,51,3
29,51,7
28,51,9
27,26,1
27,27,7
27,25,11
27,24,6
27,28,6
27,29,11
27,23,1
27,30,13
27,31,0
27,22,8
27,32,6
27,33,3
27,34,0
27,35,9
27,36,10
27,37,1
27,38,9
27,39,10
27,21,2
27,20,5
27,19,12
27,18,11
27,17,6
27,40,12
27,41,10
27,16,0
27,42,4
27,43,1
27,44,7
27,45,8
27,46,1
27,47,8
27,48,1
27,49,7
27,50,9
27,51,10
26,30,12
26,29,10
26,31,5
26,32,5
26,33,5
26,34,2
26,28,9
26,27,7
26,26,1
26,25,8
26,35,6
26,24,7
26,36,3
26,37,0
26,23,1
26,38,8
26,22,10
26,21,12
26,39,4
26,40,13
26,20,11
26,41,3
26,19,3
26,18,6
26,17,2
26,42,11
26,16,5
26,43,12
26,44,2
26,45,8
26,46,12
26,47,10
26,48,1
26,49,7
26,50,6
26,51,3
47,52,3
48,52,4
46,52,2
45,52,0
49,52,10
50,52,11
51,52,4
44,52,9
43,52,6
42,52,2
41,52,0
52,52,4
40,52,9
39,52,10
53,52,12
54,52,2
55,52,6
56,52,8
57,52,11
38,52,4
37,52,11
58,52,5
36,52,6
35,52,5
59,52,7
34,52,13
33,52,0
32,52,5
31,52,4
30,52,11
29,52,8
28,52,10
27,52,13
26,52,0
33,15,5
32,15,4
34,15,0
31,15,11
35,15,2
30,15,8
36,15,6
37,15,9
38,15,7
39,15,7
29,15,10
28,15,11
27,15,6
40,15,6
26,15,5
41,15,11
42,15,10
43,15,11
44,15,12
45,15,1
46,15,2
47,15,6
48,15,8
49,15,9
50,15,7
51,15,0
52,15,13
53,15,4
54,15,10
55,15,9
56,15,7
57,15,0
58,15,13
59,15,5
41,14,13
40,14,1
39,14,1
42,14,5
38,14,1
43,14,3
44,14,4
37,14,1
36,14,1
35,14,12
34,14,3
33,14,9
32,14,8
31,14,6
45,14,4
46,14,12
47,14,2
48,14,7
49,14,7
30,14,7
29,14,9
28,14,6
27,14,2
26,14,12
50,14,0
51,14,13
52,14,4
53,14,4
54,14,12
55,14,1
56,14,2
57,14,3
58,14,4
59,14,12
25,26,1
25,27,7
25,25,8
25,28,6
25,29,3
25,30,3
25,31,11
25,24,2
25,23,12
25,22,4
25,21,11
25,20,6
25,19,7
25,18,7
25,17,1
25,32,4
25,33,4
25,34,1
25,35,9
25,16,11
25,36,5
25,37,5
25,38,10
25,15,13
25,39,13
25,40,0
25,14,4
25,41,7
25,42,8
25,43,13
25,44,0
25,45,8
25,46,4
25,47,13
25,48,0
25,49,7
25,50,9
25,51,5
25,52,2
24,52,12
24,51,4
24,50,10
24,49,5
24,48,9
24,47,0
24,46,3
24,45,6
24,44,2
24,43,12
24,42,8
24,41,2
24,40,5
24,39,12
24,38,4
24,37,4
24,36,4
24,35,8
24,34,1
24,33,4
24,32,11
24,31,6
24,30,7
24,29,2
24,28,5
24,27,5
24,26,12
24,25,10
24,24,12
24,23,11
24,22,13
24,21,10
24,20,9
24,19,2
24,18,5
24,17,12
24,16,10
24,15,12
24,14,4
47,53,11
48,53,12
46,53,8
45,53,8
44,53,10
49,53,1
43,53,3
50,53,13
51,53,12
52,53,1
53,53,2
54,53,7
42,53,9
55,53,3
41,53,6
56,53,12
57,53,13
58,53,5
59,53,7
40,53,5
39,53,4
38,53,4
37,53,13
36,53,0
35,53,5
34,53,11
33,53,8
32,53,10
31,53,13
30,53,12
29,53,4
28,53,4
27,53,3
26,53,9
25,53,8
24,53,10
27,13,9
28,13,0
26,13,8
29,13,2
30,13,7
25,13,10
31,13,0
24,13,11
32,13,1
33,13,1
34,13,13
35,13,4
36,13,4
37,13,10
38,13,11
39,13,4
40,13,4
41,13,10
42,13,9
43,13,6
44,13,11
45,13,4
46,13,4
47,13,12
48,13,2
49,13,7
50,13,6
51,13,11
52,13,10
53,13,11
54,13,4
55,13,4
56,13,12
57,13,13
58,13,4
59,13,10
23,42,6
23,43,11
23,44,1
23,45,9
23,41,1
23,46,5
23,47,2
23,40,11
23,48,8
23,49,13
23,39,3
23,50,11
23,38,13
23,51,4
23,37,11
23,52,13
23,36,3
23,35,6
23,34,1
23,33,11
23,32,6
23,53,11
23,31,2
23,30,5
23,29,12
23,28,11
23,27,3
23,26,3
23,25,13
23,24,11
23,23,6
23,22,0
23,21,13
23,20,10
23,19,12
23,18,4
23,17,4
23,16,4
23,15,11
23,14,3
23,13,6
31,12,6
30,12,2
29,12,12
32,12,8
28,12,13
27,12,1
26,12,1
25,12,12
24,12,13
33,12,8
34,12,11
23,12,1
35,12,4
36,12,10
37,12,9
38,12,3
39,12,4
40,12,10
41,12,9
42,12,7
43,12,7
44,12,3
45,12,4
46,12,10
47,12,8
48,12,9
49,12,0
50,12,1
51,12,13
52,12,12
53,12,13
54,12,10
55,12,8
56,12,11
57,12,10
58,12,8
59,12,9
40,11,5
39,11,11
38,11,6
37,11,2
36,11,12
41,11,7
35,11,4
34,11,3
42,11,7
33,11,2
32,11,0
31,11,7
30,11,9
29,11,8
43,11,7
28,11,10
44,11,3
27,11,4
26,11,11
45,11,4
25,11,8
24,11,10
46,11,5
47,11,7
48,11,0
49,11,13
50,11,10
23,11,4
51,11,11
52,11,4
53,11,10
54,11,9
55,11,7
56,11,6
57,11,9
58,11,0
59,11,1
57,54,3
58,54,5
56,54,2
55,54,0
59,54,6
54,54,9
53,54,6
52,54,7
51,54,2
50,54,0
49,54,7
48,54,5
47,54,4
46,54,13
45,54,1
44,54,12
43,54,3
42,54,2
41,54,0
40,54,2
39,54,1
38,54,1
37,54,0
36,54,7
35,54,5
34,54,4
33,54,13
32,54,1
31,54,0
30,54,2
29,54,12
28,54,4
27,54,3
26,54,5
25,54,4
24,54,13
23,54,1
33,10,12
34,10,13
35,10,4
36,10,10
37,10,9
38,10,7
32,10,3
31,10,7
39,10,6
40,10,9
41,10,7
42,10,7
43,10,0
44,10,13
45,10,10
46,10,9
30,10,7
47,10,0
48,10,13
49,10,4
29,10,7
50,10,12
51,10,13
28,10,9
52,10,10
53,10,9
54,10,0
27,10,10
26,10,3
55,10,1
56,10,2
57,10,7
58,10,6
59,10,8
25,10,2
24,10,12
23,10,11
22,15,8
22,16,13
22,14,7
22,13,7
22,12,1
22,17,11
22,11,4
22,18,13
22,19,3
22,10,10
22,20,11
22,21,12
22,22,2
22,23,9
22,24,10
22,25,12
22,26,2
22,27,7
22,28,6
22,29,11
22,30,4
22,31,1
22,32,7
22,33,8
22,34,1
22,35,7
22,36,7
22,37,6
22,38,0
22,39,9
22,40,10
22,41,1
22,42,7
22,43,8
22,44,1
22,45,6
22,46,11
22,47,12
22,48,10
22,49,12
22,50,10
22,51,4
22,52,1
22,53,8
22,54,1
27,9,9
26,9,6
28,9,0
25,9,9
24,9,10
23,9,3
29,9,1
22,9,5
30,9,2
31,9,7
32,9,6
33,9,8
34,9,8
35,9,11
36,9,12
37,9,2
38,9,7
39,9,7
40,9,0
41,9,2
42,9,7
43,9,3
44,9,4
45,9,5
46,9,7
47,9,6
48,9,8
49,9,11
50,9,10
51,9,8
52,9,9
53,9,0
54,9,13
55,9,4
56,9,5
57,9,7
58,9,7
59,9,7
21,22,0
21,23,8
21,24,13
21,25,3
21,26,0
21,21,13
21,27,9
21,28,5
21,29,10
21,30,13
21,31,0
21,20,8
21,32,9
21,33,10
21,19,2
21,18,12
21,34,1
21,35,7
21,17,10
21,16,12
21,15,10
21,36,7
21,37,7
21,14,9
21,13,2
21,12,12
21,38,9
21,39,10
21,11,11
21,10,13
21,9,11
21,40,4
21,41,12
21,42,5
21,43,10
21,44,12
21,45,2
21,46,6
21,47,11
21,48,13
21,49,11
21,50,13
21,51,11
21,52,1
21,53,6
21,54,0
35,55,10
36,55,9
37,55,6
38,55,8
34,55,4
33,55,3
32,55,7
39,55,8
40,55,9
31,55,9
30,55,6
29,55,2
28,55,12
41,55,7
42,55,6
43,55,11
44,55,10
45,55,8
46,55,11
47,55,12
48,55,2
49,55,6
50,55,8
27,55,11
26,55,10
25,55,4
51,55,8
52,55,9
24,55,3
23,55,7
53,55,3
22,55,9
21,55,6
54,55,10
55,55,9
56,55,7
57,55,0
58,55,2
59,55,3
53,56,11
52,56,10
51,56,4
54,56,4
55,56,10
50,56,4
49,56,3
48,56,7
56,56,8
47,56,2
57,56,9
58,56,7
59,56,0
46,56,1
45,56,12
44,56,13
43,56,12
42,56,11
41,56,6
40,56,5
39,56,4
38,56,13
37,56,0
36,56,5
35,56,13
34,56,1
33,56,0
32,56,9
31,56,10
30,56,11
29,56,8
28,56,10
27,56,4
26,56,13
25,56,1
24,56,0
23,56,9
22,56,10
21,56,11
28,8,6
27,8,2
29,8,8
30,8,9
31,8,7
26,8,1
32,8,0
33,8,1
34,8,2
25,8,1
24,8,12
35,8,3
36,8,10
37,8,9
23,8,13
22,8,12
21,8,3
38,8,7
39,8,0
40,8,13
41,8,5
42,8,0
43,8,13
44,8,4
45,8,12
46,8,1
47,8,2
48,8,7
49,8,6
50,8,9
51,8,7
52,8,7
53,8,3
54,8,10
55,8,8
56,8,9
57,8,0
58,8,2
59,8,7
26,57,11
25,57,6
24,57,7
23,57,5
22,57,4
27,57,4
21,57,13
28,57,4
29,57,12
30,57,13
31,57,12
32,57,2
33,57,7
34,57,7
35,57,0
36,57,2
37,57,7
38,57,3
39,57,12
41,57,3
40,57,2
42,57,4
43,57,5
44,57,0
45,57,2
46,57,7
47,57,6
48,57,9
49,57,3
50,57,12
51,57,13
52,57,12
53,57,13
54,57,4
55,57,4
56,57,12
57,57,2
58,57,7
59,57,6
20,9,10
20,10,12
20,11,10
20,8,9
20,12,13
20,13,0
20,14,6
20,15,11
20,16,13
20,17,11
20,18,4
20,19,1
20,20,8
20,21,12
20,22,2
20,23,8
20,24,12
20,25,5
20,26,5
20,27,10
20,28,13
20,29,3
20,30,0
20,31,9
20,32,10
20,33,4
20,34,1
20,35,7
20,36,7
20,37,9
20,38,10
20,39,13
20,40,3
20,41,3
20,42,11
20,43,4
20,44,4
20,45,1
20,46,9
20,47,10
20,48,12
20,49,10
20,50,12
20,51,10
20,52,12
20,53,2
20,54,9
20,55,2
20,56,8
20,57,12
58,7,12
59,7,2
57,7,3
56,7,7
55,7,2
54,7,12
53,7,13
52,7,0
51,7,2
50,7,0
49,7,2
48,7,1
47,7,12
46,7,4
45,7,11
44,7,10
43,7,4
42,7,3
41,7,9
40,7,10
39,7,3
38,7,7
37,7,2
36,7,12
35,7,3
34,7,5
33,7,4
32,7,13
31,7,1
30,7,1
29,7,0
28,7,2
27,7,12
26,7,4
25,7,11
24,7,8
23,7,10
22,7,11
21,7,6
20,7,7
40,6,12
39,6,13
38,6,0
41,6,2
42,6,6
43,6,8
44,6,9
45,6,6
46,6,11
37,6,5
36,6,4
47,6,4
48,6,10
49,6,9
35,6,3
34,6,9
33,6,8
32,6,10
31,6,11
50,6,6
51,6,9
30,6,10
52,6,6
29,6,13
28,6,12
27,6,4
53,6,11
54,6,4
55,6,12
56,6,2
57,6,6
26,6,4
58,6,11
25,6,13
24,6,1
23,6,12
22,6,3
59,6,5
21,6,7
20,6,7
43,58,5
42,58,4
41,58,11
44,58,6
45,58,8
46,58,9
47,58,3
48,58,5
40,58,6
49,58,0
51,58,3
50,58,2
39,58,5
38,58,11
37,58,8
52,58,10
53,58,11
54,58,12
55,58,13
36,58,8
35,58,6
34,58,7
56,58,10
33,58,9
32,58,8
31,58,10
30,58,11
29,58,10
57,58,9
58,58,6
59,58,11
28,58,13
27,58,12
26,58,4
25,58,3
24,58,9
23,58,10
22,58,4
21,58,11
20,58,10
56,5,12
55,5,4
54,5,11
53,5,6
52,5,2
57,5,1
58,5,13
59,5,12
51,5,0
50,5,7
49,5,7
48,5,5
47,5,11
46,5,6
45,5,7
44,5,7
43,5,2
42,5,0
41,5,5
40,5,4
39,5,11
38,5,6
37,5,5
36,5,11
35,5,6
34,5,2
33,5,1
32,5,12
31,5,3
30,5,5
29,5,11
28,5,10
27,5,4
26,5,4
25,5,4
24,5,4
23,5,4
22,5,3
21,5,7
20,5,7
51,4,6
52,4,9
50,4,7
49,4,2
48,4,12
47,4,13
46,4,1
53,4,7
54,4,3
55,4,4
56,4,4
45,4,1
57,4,4
44,4,1
43,4,12
42,4,3
58,4,4
59,4,4
41,4,5
40,4,11
39,4,6
38,4,2
37,4,12
36,4,3
35,4,7
34,4,5
33,4,11
32,4,8
31,4,6
30,4,5
29,4,3
28,4,5
27,4,4
26,4,4
25,4,4
24,4,11
23,4,8
22,4,6
21,4,7
20,4,2
58,59,0
59,59,1
57,59,5
56,59,13
55,59,0
54,59,2
53,59,1
52,59,1
51,59,0
50,59,9
49,59,6
48,59,2
47,59,0
46,59,2
45,59,1
44,59,0
43,59,5
42,59,4
41,59,4
40,59,11
39,59,10
38,59,4
37,59,13
36,59,1
35,59,0
34,59,7
33,59,2
32,59,1
31,59,12
30,59,4
29,59,13
28,59,0
27,59,2
26,59,1
25,59,0
24,59,2
23,59,12
22,59,4
21,59,13
20,59,1
19,56,6
19,57,3
19,58,11
19,59,12
19,55,0
19,54,6
19,53,1
19,52,4
19,51,4
19,50,11
19,49,13
19,48,11
19,47,13
19,46,8
19,45,0
19,44,3
19,43,13
19,42,8
19,41,2
19,40,9
19,39,1
19,38,11
19,37,6
19,36,2
19,35,5
19,34,12
19,33,4
19,32,11
19,31,6
19,30,2
19,29,9
19,28,0
19,27,3
19,26,13
19,25,11
19,24,3
19,23,6
19,22,0
19,21,3
19,20,6
19,19,0
19,18,3
19,17,6
19,16,0
19,15,6
19,14,2
19,13,9
19,12,0
19,11,13
19,10,4
19,9,4
19,8,10
19,7,9
19,6,2
19,5,9
19,4,1
30,3,12
29,3,13
28,3,12
31,3,1
32,3,1
33,3,13
27,3,4
34,3,5
35,3,0
36,3,13
26,3,11
25,3,10
37,3,4
24,3,13
38,3,5
23,3,1
22,3,0
39,3,7
40,3,3
21,3,2
20,3,12
41,3,12
42,3,13
19,3,4
43,3,4
44,3,10
45,3,11
46,3,4
47,3,10
48,3,8
49,3,9
50,3,7
51,3,7
52,3,7
53,3,7
54,3,6
55,3,8
56,3,11
57,3,4
58,3,10
59,3,8
38,2,9
39,2,0
40,2,13
37,2,8
36,2,10
41,2,4
42,2,10
43,2,11
44,2,12
45,2,13
46,2,10
47,2,9
35,2,13
34,2,12
48,2,7
33,2,11
32,2,8
31,2,8
30,2,10
29,2,11
28,2,10
27,2,11
26,2,6
49,2,7
25,2,5
50,2,7
51,2,0
52,2,1
24,2,4
53,2,2
54,2,7
23,2,4
22,2,3
55,2,7
56,2,6
21,2,9
57,2,8
58,2,9
20,2,8
59,2,0
19,2,8
30,1,12
29,1,13
28,1,12
31,1,1
27,1,13
26,1,1
25,1,12
24,1,11
32,1,2
23,1,10
22,1,3
21,1,2
33,1,3
34,1,4
35,1,4
36,1,5
37,1,7
20,1,1
19,1,1
38,1,0
39,1,13
40,1,10
41,1,11
42,1,12
43,1,13
44,1,10
45,1,8
46,1,9
47,1,0
48,1,2
49,1,7
50,1,7
51,1,3
52,1,10
53,1,9
54,1,7
55,1,0
56,1,2
57,1,7
58,1,7
59,1,6
33,0,13
32,0,12
34,0,10
31,0,4
35,0,8
36,0,9
37,0,7
30,0,4
38,0,6
39,0,11
40,0,12
41,0,13
42,0,4
29,0,11
43,0,4
28,0,10
27,0,4
44,0,5
45,0,7
26,0,4
46,0,0
47,0,13
25,0,11
24,0,6
48,0,5
23,0,9
22,0,6
21,0,9
49,0,7
20,0,10
50,0,0
51,0,13
19,0,11
52,0,5
53,0,7
54,0,0
55,0,13
56,0,12
57,0,1
58,0,1
59,0,2
18,36,12
18,37,2
18,35,11
18,34,3
18,38,6
18,39,0
18,40,6
18,41,0
18,33,3
18,32,6
18,42,8
18,43,1
18,44,9
18,31,7
18,45,2
18,46,6
18,47,0
18,48,8
18,30,1
18,29,8
18,49,12
18,50,10
18,28,2
18,27,5
18,26,12
18,25,8
18,24,2
18,23,9
18,51,13
18,22,2
18,52,11
18,21,5
18,20,9
18,19,7
18,18,2
18,17,5
18,16,5
18,15,9
18,53,1
18,14,0
18,13,6
18,54,9
18,12,2
18,11,12
18,10,4
18,55,5
18,9,11
18,8,13
18,7,10
18,6,12
18,56,5
18,57,2
18,5,10
18,4,12
18,58,8
18,3,11
18,2,6
18,1,0
18,0,6
18,59,4
17,37,1
17,36,11
17,35,6
17,34,7
17,38,9
17,33,7
17,32,2
17,39,5
17,31,9
17,30,1
17,40,5
17,29,10
17,28,12
17,27,4
17,26,11
17,25,6
17,41,5
17,42,10
17,24,0
17,23,6
17,22,0
17,43,12
17,44,10
17,45,1
17,21,13
17,46,7
17,20,8
17,47,9
17,48,10
17,19,7
17,18,0
17,17,13
17,16,4
17,15,8
17,49,4
17,14,2
17,50,4
17,13,9
17,51,1
17,52,8
17,12,0
17,53,12
17,54,10
17,11,13
17,10,11
17,9,6
17,8,0
17,7,3
17,55,4
17,6,13
17,56,4
17,5,4
17,57,12
17,58,10
17,4,4
17,59,4
17,3,8
17,2,7
17,1,7
17,0,2
16,37,12
16,38,10
16,36,8
16,39,13
16,35,2
16,40,3
16,41,3
16,34,5
16,33,5
16,32,12
16,42,11
16,31,10
16,30,12
16,43,4
16,44,13
16,45,0
16,29,11
16,46,7
16,28,13
16,27,4
16,26,8
16,47,8
16,48,13
16,25,7
16,24,2
16,23,9
16,49,3
16,22,7
16,50,3
16,51,0
16,52,8
16,53,4
16,54,13
16,21,0
16,20,6
16,19,7
16,18,7
16,55,3
16,17,0
16,16,13
16,15,8
16,14,1
16,56,11
16,57,4
16,58,4
16,59,4
16,13,8
16,12,7
16,11,0
16,10,6
16,9,7
16,8,7
16,7,2
16,6,12
16,5,4
16,4,4
16,3,8
16,2,7
16,1,2
16,0,12
15,36,8
15,35,1
15,34,11
15,33,3
15,37,4
15,32,13
15,31,11
15,30,13
15,29,8
15,28,0
15,27,3
15,26,6
15,25,7
15,38,13
15,39,0
15,24,1
15,40,9
15,41,2
15,23,10
15,42,8
15,22,5
15,21,9
15,43,4
15,44,1
15,45,9
15,46,5
15,47,10
15,20,2
15,48,12
15,19,9
15,49,5
15,18,7
15,50,2
15,17,2
15,16,12
15,51,9
15,52,10
15,53,4
15,54,12
15,15,8
15,14,0
15,13,6
15,12,7
15,11,7
15,55,5
15,56,10
15,10,2
15,57,13
15,9,9
15,8,7
15,58,3
15,7,0
15,6,13
15,5,4
15,4,4
15,3,8
15,59,3
15,2,2
15,1,12
15,0,11
14,19,6
14,20,0
14,18,7
14,21,8
14,17,1
14,22,4
14,23,4
14,16,4
14,15,8
14,24,12
14,25,2
14,14,7
14,13,7
14,26,9
14,12,7
14,11,2
14,10,12
14,9,8
14,27,2
14,28,9
14,29,10
14,8,2
14,7,9
14,30,12
14,31,10
14,32,12
14,6,0
14,5,3
14,33,5
14,34,10
14,35,12
14,36,10
14,4,13
14,3,10
14,2,12
14,1,4
14,0,8
14,37,13
14,38,0
14,39,9
14,40,10
14,41,1
14,42,8
14,43,4
14,44,1
14,45,8
14,46,13
14,47,11
14,48,13
14,49,3
14,50,0
14,51,6
14,52,11
14,53,4
14,54,4
14,55,13
14,56,3
14,57,0
14,58,7
14,59,9
13,46,0
13,45,6
13,47,6
13,48,0
13,49,9
13,50,5
13,44,0
13,43,13
13,51,2
13,52,8
13,42,8
13,41,1
13,40,11
13,39,6
13,38,7
13,37,1
13,36,11
13,53,13
13,54,3
13,55,0
13,35,3
13,56,7
13,57,7
13,58,9
13,59,10
13,34,3
13,33,3
13,32,13
13,31,4
13,30,4
13,29,4
13,28,8
13,27,0
13,26,6
13,25,1
13,24,4
13,23,11
13,22,13
13,21,10
13,20,9
13,19,7
13,18,7
13,17,1
13,16,11
13,15,6
13,14,2
13,13,9
13,12,7
13,11,0
13,10,13
13,9,10
13,8,12
13,7,8
13,6,2
13,5,9
13,4,1
13,3,11
13,2,13
13,1,11
13,0,6
12,17,12
12,16,10
12,18,5
12,15,9
12,19,2
12,14,1
12,20,8
12,21,13
12,22,0
12,13,10
12,23,8
12,24,4
12,12,9
12,11,2
12,10,12
12,25,1
12,9,4
12,8,11
12,7,6
12,26,7
12,6,1
12,27,9
12,28,10
12,5,8
12,4,0
12,3,6
12,29,4
12,2,1
12,30,13
12,1,8
12,0,2
12,31,11
12,32,1
12,33,9
12,34,5
12,35,2
12,36,6
12,37,0
12,38,7
12,39,7
12,40,6
12,41,0
12,42,6
12,43,0
12,44,9
12,45,2
12,46,9
12,47,5
12,48,5
12,49,10
12,50,13
12,51,0
12,52,6
12,53,0
12,54,9
12,55,5
12,56,2
12,57,7
12,58,6
12,59,11
11,20,6
11,21,0
11,19,0
11,18,3
11,17,3
11,16,13
11,22,7
11,23,6
11,24,3
11,25,0
11,15,8
11,26,7
11,14,0
11,13,3
11,12,6
11,11,0
11,10,3
11,27,8
11,28,13
11,9,13
11,8,10
11,29,11
11,30,12
11,31,10
11,7,5
11,6,12
11,32,1
11,33,6
11,34,3
11,35,0
11,36,7
11,5,10
11,4,5
11,37,7
11,38,9
11,3,9
11,2,1
11,1,8
11,39,5
11,0,0
11,40,2
11,41,7
11,42,7
11,43,7
11,44,8
11,45,1
11,46,8
11,47,4
11,48,4
11,49,13
11,50,0
11,51,7
11,52,7
11,53,7
11,54,8
11,55,13
11,56,0
11,57,9
11,58,2
11,59,8
10,2,1
10,1,10
10,3,6
10,4,3
10,0,5
10,5,11
10,6,4
10,7,4
10,8,13
10,9,0
10,10,7
10,11,9
10,12,2
10,13,7
10,14,7
10,15,8
10,16,12
10,17,2
10,18,7
10,19,9
10,20,5
10,21,2
10,22,7
10,23,9
10,24,5
10,25,2
10,26,7
10,27,8
10,28,1
10,29,6
10,30,3
10,31,3
10,32,0
10,33,7
10,34,9
10,35,2
10,36,7
10,37,7
10,38,8
10,39,13
10,40,0
10,41,7
10,42,9
10,43,2
10,44,8
10,45,12
10,46,10
10,47,4
10,48,4
10,49,12
10,50,2
10,51,7
10,52,7
10,53,7
10,54,8
10,55,1
10,56,9
10,57,10
10,58,1
10,59,8
9,35,0
9,34,6
9,36,9
9,37,5
9,38,10
9,33,7
9,39,12
9,32,7
9,40,5
9,41,5
9,42,10
9,31,7
9,43,12
9,44,10
9,45,13
9,30,7
9,46,3
9,29,2
9,28,12
9,47,3
9,48,11
9,27,8
9,26,2
9,25,12
9,24,11
9,23,6
9,22,7
9,49,4
9,50,1
9,21,1
9,20,11
9,19,6
9,51,9
9,52,5
9,53,2
9,18,7
9,17,0
9,54,6
9,55,0
9,16,3
9,15,6
9,56,6
9,14,2
9,57,3
9,58,0
9,59,8
9,13,9
9,12,0
9,11,6
9,10,7
9,9,2
9,8,12
9,7,4
9,6,4
9,5,10
9,4,9
9,3,7
9,2,0
9,1,13
9,0,4
8,20,6
8,21,0
8,22,7
8,19,7
8,18,7
8,17,7
8,16,2
8,23,7
8,24,8
8,15,5
8,14,12
8,13,10
8,25,4
8,12,5
8,11,5
8,10,9
8,9,0
8,26,12
8,27,10
8,28,13
8,29,0
8,30,9
8,8,13
8,7,4
8,31,2
8,6,11
8,5,13
8,32,7
8,33,9
8,4,10
8,3,9
8,2,7
8,1,1
8,34,5
8,0,11
8,35,5
8,36,10
8,37,13
8,38,11
8,39,13
8,40,11
8,41,4
8,42,13
8,43,11
8,44,13
8,45,0
8,46,7
8,47,7
8,48,8
8,49,13
8,50,0
8,51,8
8,52,4
8,53,1
8,54,7
8,55,9
8,56,5
8,57,5
8,58,5
8,59,10
7,16,1
7,17,7
7,15,11
7,18,7
7,14,3
7,19,7
7,13,13
7,12,4
7,11,4
7,10,8
7,9,7
7,20,7
7,8,1
7,7,11
7,6,6
7,21,7
7,22,7
7,23,7
7,24,6
7,25,3
7,5,0
7,26,11
7,4,3
7,3,6
7,27,4
7,2,7
7,28,1
7,1,1
7,0,8
7,29,7
7,30,8
7,31,12
7,32,2
7,33,8
7,34,4
7,35,13
7,36,11
7,37,1
7,38,8
7,39,12
7,40,10
7,41,4
7,42,1
7,43,6
7,44,0
7,45,9
7,46,5
7,47,2
7,48,8
7,49,1
7,50,9
7,51,10
7,52,13
7,53,0
7,54,9
7,55,10
7,56,4
7,57,4
7,58,13
7,59,11
6,58,12
6,59,10
6,57,11
6,56,13
6,55,11
6,54,6
6,53,2
6,52,12
6,51,4
6,50,10
6,49,12
6,48,10
6,47,12
6,46,4
6,45,8
6,44,7
6,43,7
6,42,0
6,41,13
6,40,4
6,39,11
6,38,6
6,37,1
6,36,8
6,35,0
6,34,3
6,33,6
6,32,0
6,31,3
6,30,6
6,29,7
6,28,0
6,27,3
6,26,6
6,25,2
6,24,9
6,23,2
6,22,9
6,21,2
6,20,9
6,19,2
6,18,9
6,17,2
6,16,12
6,15,10
6,14,9
6,13,0
6,12,3
6,11,13
6,10,8
6,9,7
6,8,1
6,7,8
6,6,2
6,5,9
6,4,2
6,3,9
6,2,2
6,1,12
6,0,10
5,10,6
5,11,0
5,12,9
5,13,2
5,14,8
5,15,4
5,9,7
5,16,13
5,17,0
5,18,6
5,19,0
5,8,0
5,7,6
5,20,6
5,21,0
5,22,8
5,23,1
5,6,0
5,5,6
5,24,8
5,4,1
5,25,12
5,3,8
5,26,5
5,27,2
5,28,7
5,29,9
5,2,0
5,30,5
5,1,3
5,0,13
5,31,2
5,32,7
5,33,7
5,34,9
5,35,5
5,36,10
5,37,12
5,38,2
5,39,8
5,40,4
5,41,1
5,42,7
5,43,9
5,44,2
5,45,8
5,46,4
5,47,13
5,48,3
5,49,11
5,50,4
5,51,4
5,52,4
5,53,1
5,54,7
5,55,6
5,56,0
5,57,8
5,58,4
5,59,13
4,3,6
4,4,0
4,2,7
4,1,2
4,0,12
4,5,9
4,6,2
4,7,7
4,8,7
4,9,9
4,10,2
4,11,7
4,12,6
4,13,0
4,14,6
4,15,3
4,16,0
4,17,7
4,18,9
4,19,2
4,20,9
4,21,5
4,22,10
4,23,12
4,24,10
4,25,4
4,26,4
4,27,1
4,28,9
4,29,10
4,30,13
4,31,0
4,32,9
4,33,5
4,34,10
4,35,4
4,36,13
4,37,3
4,38,0
4,39,8
4,40,4
4,41,1
4,42,7
4,43,8
4,44,1
4,45,6
4,46,3
4,47,0
4,48,7
4,49,6
4,50,3
4,51,11
4,52,13
4,53,0
4,54,9
4,55,5
4,56,2
4,57,8
4,58,4
4,59,1
3,41,12
3,42,5
3,43,10
3,44,12
3,45,2
3,46,9
3,40,4
3,47,2
3,39,10
3,48,9
3,49,5
3,38,5
3,37,5
3,36,12
3,50,2
3,51,8
3,52,12
3,35,4
3,53,2
3,34,11
3,54,8
3,33,3
3,32,6
3,55,4
3,56,12
3,57,10
3,31,7
3,58,4
3,59,1
3,30,0
3,29,3
3,28,6
3,27,0
3,26,13
3,25,11
3,24,13
3,23,11
3,22,13
3,21,11
3,20,6
3,19,0
3,18,6
3,17,7
3,16,7
3,15,2
3,14,9
3,13,2
3,12,9
3,11,2
3,10,12
3,9,8
3,8,7
3,7,7
3,6,1
3,5,10
3,4,5
3,3,9
3,2,7
3,1,0
3,0,3
2,45,1
2,44,11
2,46,8
2,43,3
2,42,13
2,41,11
2,47,1
2,48,8
2,40,3
2,49,13
2,50,0
2,39,3
2,38,3
2,51,8
2,52,4
2,37,3
2,36,13
2,35,4
2,53,12
2,54,10
2,34,10
2,55,4
2,33,5
2,32,5
2,56,4
2,31,9
2,30,7
2,29,7
2,28,2
2,57,4
2,58,13
2,59,0
2,27,9
2,26,1
2,25,10
2,24,12
2,23,10
2,22,12
2,21,10
2,20,9
2,19,2
2,18,9
2,17,7
2,16,2
2,15,12
2,14,8
2,13,0
2,12,6
2,11,0
2,10,13
2,9,8
2,8,7
2,7,2
2,6,12
2,5,11
2,4,3
2,3,6
2,2,7
2,1,7
2,0,2
1,31,6
1,32,11
1,30,7
1,33,4
1,29,7
1,28,1
1,34,4
1,27,8
1,35,4
1,36,1
1,37,7
1,38,7
1,39,7
1,40,7
1,26,1
1,25,11
1,41,6
1,42,0
1,24,3
1,43,7
1,44,8
1,45,1
1,23,13
1,46,6
1,47,0
1,22,4
1,21,4
1,20,10
1,19,12
1,18,10
1,17,9
1,16,0
1,15,13
1,14,8
1,13,7
1,12,7
1,48,8
1,49,1
1,50,9
1,51,10
1,52,4
1,53,4
1,54,13
1,55,3
1,11,7
1,56,3
1,10,1
1,9,8
1,57,3
1,58,0
1,59,7
1,8,7
1,7,1
1,6,11
1,5,6
1,4,7
1,3,7
1,2,7
1,1,7
1,0,1
0,14,8
0,13,2
0,12,5
0,15,12
0,16,5
0,17,10
0,18,13
0,19,11
0,20,4
0,11,5
0,10,12
0,21,4
0,9,8
0,22,4
0,23,12
0,8,2
0,7,12
0,24,5
0,25,10
0,6,10
0,26,1
0,27,6
0,28,0
0,29,9
0,30,2
0,31,7
0,5,9
0,4,7
0,32,8
0,3,2
0,2,9
0,1,2
0,0,12
0,33,4
0,34,4
0,35,4
0,36,12
0,37,2
0,38,9
0,39,2
0,40,9
0,41,5
0,42,2
0,43,7
0,44,6
0,45,0
0,46,7
0,47,9
0,48,10
0,49,12
0,50,10
0,51,13
0,52,11
0,53,13
0,54,0
0,55,9
0,56,5
0,57,2
0,58,7
0,59,7